Imagem,Percentual,Classificador,Altura_imagem,Largura_imagem
1,0.6669312169312168,KNeighborsClassifier,681,1024
2,0.5871376811594203,BernoulliNB,681,1024
3,0.6172307692307691,LinearDiscriminantAnalysis,1024,768
4,0.6463768115942028,SVC,768,1024
5,0.6789473684210525,ExtraTreesClassifier,634,1024
6,0.6027667984189724,SVC,793,1024
7,0.6207692307692309,ExtraTreesClassifier,688,1024
8,0.6321428571428571,HistGradientBoostingClassifier,719,1024
9,0.5689655172413793,ExtraTreesClassifier,1024,1024
10,0.6864130434782609,KNeighborsClassifier,768,1024
11,0.6419950738916256,AdaBoostClassifier,692,1024
12,0.5980072463768116,KNeighborsClassifier,683,1024
13,0.5804347826086956,ComplementNB,681,1024
14,0.6311666666666667,SVC,860,1024
15,0.6358333333333334,SVC,684,1024
16,0.6347692307692308,QuadraticDiscriminantAnalysis,768,1024
17,0.6100000000000001,SVC,681,1024
18,0.6034632034632035,KNeighborsClassifier,676,1024
19,0.5701581027667983,LinearSVC,768,1024
20,0.6092592592592592,SVC,771,1024
21,0.6383333333333334,SVC,768,1024
22,0.6190476190476191,SVC,683,1024
23,0.6461538461538462,KNeighborsClassifier,683,1024
24,0.5866096866096866,SVC,1024,768
25,0.643157894736842,SVC,680,1024
26,0.6114285714285714,KNeighborsClassifier,683,1024
27,0.6028333333333333,Perceptron,683,1024
28,0.6347782258064516,DecisionTreeClassifier,768,1024
29,0.5498850574712644,NuSVC,768,1024
30,0.6126153846153846,HistGradientBoostingClassifier,1024,699
31,0.6155797101449275,KNeighborsClassifier,771,1024
32,0.6359999999999999,AdaBoostClassifier,1024,768
33,0.6465811965811966,KNeighborsClassifier,766,1024
34,0.5931159420289855,LinearDiscriminantAnalysis,1024,684
35,0.5928571428571429,NearestCentroid,683,1024
36,0.5753623188405796,RandomForestClassifier,1024,685
37,0.7067540322580645,NuSVC,1024,768
38,0.6215517241379309,ExtraTreesClassifier,794,1024
39,0.6165517241379309,AdaBoostClassifier,1024,768
40,0.568945868945869,HistGradientBoostingClassifier,718,1024
41,0.5366402116402116,NuSVC,683,1024
42,0.6531746031746032,SVC,768,1024
43,0.5859683794466404,CalibratedClassifierCV,768,1024
44,0.5635384615384614,BernoulliNB,768,1024
45,0.5912698412698413,BernoulliNB,768,1024
46,0.5974712643678161,QuadraticDiscriminantAnalysis,768,1024
47,0.6061538461538462,GaussianNB,1024,683
48,0.6319999999999999,BernoulliNB,1024,768
49,0.6332512315270936,DecisionTreeClassifier,768,1024
50,0.580295566502463,LogisticRegressionCV,768,1024
51,0.6472934472934473,ExtraTreesClassifier,768,1024
52,0.5987903225806452,KNeighborsClassifier,682,1024
53,0.6,BernoulliNB,705,1024
54,0.6071428571428571,GaussianProcessClassifier,768,1024
55,0.6306666666666667,AdaBoostClassifier,768,1024
56,0.566,ExtraTreeClassifier,682,1024
57,0.5903333333333334,AdaBoostClassifier,683,1024
58,0.6886153846153845,GradientBoostingClassifier,768,1024
59,0.6361111111111111,KNeighborsClassifier,1024,768
60,0.6516304347826087,KNeighborsClassifier,1024,988
61,0.5588333333333333,NearestCentroid,768,1024
62,0.6891737891737894,KNeighborsClassifier,1024,758
63,0.6521666666666668,SVC,768,1024
64,0.5771929824561404,NearestCentroid,1024,768
65,0.6195,AdaBoostClassifier,768,1024
66,0.6512987012987013,HistGradientBoostingClassifier,687,1024
67,0.607122507122507,RandomForestClassifier,768,1024
68,0.6491341991341991,BernoulliNB,683,1024
69,0.5721428571428572,ComplementNB,768,1024
70,0.6423809523809523,RandomForestClassifier,1024,768
71,0.6284615384615383,SVC,683,1024
72,0.6136699507389163,BernoulliNB,768,1024
73,0.6168091168091168,GradientBoostingClassifier,683,1024
74,0.5874458874458874,LabelPropagation,768,1024
75,0.641699604743083,BaggingClassifier,768,1024
76,0.6031666666666667,ExtraTreeClassifier,768,1024
77,0.633201581027668,KNeighborsClassifier,683,1024
78,0.675,HistGradientBoostingClassifier,769,1024
79,0.6883116883116882,AdaBoostClassifier,1024,768
80,0.6494565217391305,SVC,841,1024
81,0.5952380952380952,LogisticRegression,1024,682
82,0.6106617647058823,NearestCentroid,685,1024
83,0.6623809523809523,BaggingClassifier,1024,768
84,0.5947368421052632,HistGradientBoostingClassifier,683,1024
85,0.6018115942028986,BernoulliNB,683,1024
86,0.5859649122807017,SGDClassifier,672,1024
87,0.6230952380952381,SVC,683,1024
88,0.6400432900432901,QuadraticDiscriminantAnalysis,768,1024
89,0.6662055335968379,RandomForestClassifier,768,1024
90,0.6289230769230769,RandomForestClassifier,683,1024
91,0.5772727272727273,ExtraTreeClassifier,685,1024
92,0.6060526315789474,HistGradientBoostingClassifier,683,1024
93,0.6263157894736843,SVC,655,1024
94,0.5536842105263158,QuadraticDiscriminantAnalysis,681,1024
95,0.6652307692307693,GaussianNB,850,1024
96,0.69,KNeighborsClassifier,681,1024
97,0.7071428571428571,RandomForestClassifier,680,1024
98,0.7112499999999999,BernoulliNB,685,1024
99,0.6541666666666667,GradientBoostingClassifier,697,1024
100,0.6808333333333334,NuSVC,691,1024
101,0.7097402597402597,SVC,768,1024
102,0.6894736842105262,NuSVC,768,1024
103,0.6705882352941177,QuadraticDiscriminantAnalysis,685,1024
104,0.6888888888888889,RandomForestClassifier,1024,678
105,0.6555147058823529,NuSVC,683,1024
106,0.6360526315789473,SVC,1024,784
107,0.6573593073593074,HistGradientBoostingClassifier,768,1024
108,0.6596491228070176,HistGradientBoostingClassifier,1024,768
109,0.6638095238095238,NuSVC,1024,873
110,0.6160079051383398,QuadraticDiscriminantAnalysis,768,1024
111,0.6235294117647059,HistGradientBoostingClassifier,685,1024
112,0.6330952380952382,GradientBoostingClassifier,685,1024
113,0.6042857142857143,HistGradientBoostingClassifier,768,1024
114,0.593157894736842,NuSVC,768,1024
115,0.5726315789473684,AdaBoostClassifier,768,1024
116,0.6602380952380951,MLPClassifier,685,1024
117,0.606140350877193,BernoulliNB,768,1024
118,0.5614285714285715,SGDClassifier,768,1024
119,0.6270750988142293,BernoulliNB,708,1024
120,0.6774509803921569,LabelPropagation,771,1024
121,0.706578947368421,QuadraticDiscriminantAnalysis,768,1024
122,0.6497835497835498,RandomForestClassifier,1024,767
123,0.6353846153846152,RandomForestClassifier,768,1024
124,0.6384210526315789,AdaBoostClassifier,768,1024
125,0.6447463768115942,CalibratedClassifierCV,768,1024
126,0.58,QuadraticDiscriminantAnalysis,768,1024
127,0.6233333333333333,GaussianNB,1024,768
128,0.6221343873517786,GradientBoostingClassifier,576,1024
129,0.6435672514619883,LabelPropagation,1024,683
130,0.6737318840579711,LogisticRegression,1024,768
131,0.5820346320346321,SVC,684,1024
132,0.62,NuSVC,1024,768
133,0.6565359477124184,GradientBoostingClassifier,683,1024
134,0.7128676470588236,NuSVC,1024,692
135,0.7043290043290044,BernoulliNB,682,1024
136,0.613157894736842,GradientBoostingClassifier,903,1024
137,0.5714285714285714,LinearSVC,1024,768
138,0.6136029411764706,SVC,1024,683
139,0.5920833333333334,NearestCentroid,768,1024
140,0.5856617647058824,LogisticRegressionCV,683,1024
141,0.6309782608695651,SVC,1024,768
142,0.6117647058823529,QuadraticDiscriminantAnalysis,683,1024
143,0.6377470355731225,SVC,768,1024
144,0.6225146198830409,HistGradientBoostingClassifier,575,1024
145,0.6213157894736842,HistGradientBoostingClassifier,768,1024
146,0.6373219373219372,AdaBoostClassifier,768,1024
147,0.7028947368421051,KNeighborsClassifier,1024,683
148,0.5421052631578946,ExtraTreeClassifier,768,1024
149,0.6687134502923976,KNeighborsClassifier,1024,768
150,0.6038095238095238,KNeighborsClassifier,683,1024
151,0.6828947368421053,SVC,680,1024
152,0.6154761904761904,HistGradientBoostingClassifier,768,1024
153,0.6200000000000001,BaggingClassifier,628,1024
154,0.5755411255411256,BernoulliNB,769,1024
155,0.5958874458874459,KNeighborsClassifier,554,1024
156,0.567251461988304,ComplementNB,683,1024
157,0.6444444444444445,GaussianNB,1024,768
158,0.6303921568627451,RandomForestClassifier,768,1024
159,0.5763157894736841,ExtraTreesClassifier,683,1024
160,0.7080952380952381,SVC,681,1024
161,0.6120000000000001,ComplementNB,683,1024
162,0.6549019607843137,KNeighborsClassifier,768,1024
163,0.6128654970760234,GradientBoostingClassifier,681,1024
164,0.6116666666666666,CalibratedClassifierCV,680,1024
165,0.6545751633986929,NuSVC,768,1024
166,0.6420948616600791,HistGradientBoostingClassifier,1024,768
167,0.6675438596491228,QuadraticDiscriminantAnalysis,685,1024
168,0.6733333333333332,KNeighborsClassifier,768,1024
169,0.6701754385964913,BaggingClassifier,768,1024
170,0.5692105263157894,NuSVC,768,1024
171,0.618095238095238,KNeighborsClassifier,805,1024
172,0.6060606060606061,GradientBoostingClassifier,681,1024
173,0.6880116959064329,QuadraticDiscriminantAnalysis,768,1024
174,0.6746753246753247,SVC,685,1024
175,0.6146153846153846,GaussianNB,1024,791
176,0.6249999999999999,AdaBoostClassifier,589,1024
177,0.6577075098814229,LogisticRegression,768,1024
178,0.636578947368421,BaggingClassifier,1024,892
179,0.6493506493506492,HistGradientBoostingClassifier,796,1024
180,0.6031578947368421,BernoulliNB,598,1024
181,0.6989473684210528,SVC,732,1024
182,0.6473684210526316,LogisticRegressionCV,685,1024
183,0.6134199134199134,QuadraticDiscriminantAnalysis,680,1024
184,0.6268398268398268,SVC,1024,680
185,0.6815384615384614,SVC,768,1024
186,0.6572463768115941,QuadraticDiscriminantAnalysis,683,1024
187,0.6239130434782608,SVC,768,1024
188,0.7670995670995671,NuSVC,768,1024
189,0.6781578947368421,ExtraTreesClassifier,681,1024
190,0.6446640316205534,BaggingClassifier,768,1024
191,0.6359683794466402,ExtraTreesClassifier,768,1024
192,0.651185770750988,AdaBoostClassifier,768,1024
193,0.6317460317460317,SVC,768,1024
194,0.7028333333333334,GaussianNB,768,1024
195,0.7031620553359684,SVC,768,1024
196,0.7032307692307691,GaussianNB,683,1024
197,0.6192640692640692,GaussianNB,768,1024
198,0.6352380952380953,LinearDiscriminantAnalysis,768,1024
199,0.6731601731601731,SVC,768,1024
200,0.6873188405797102,GaussianNB,768,1024
201,0.6405263157894738,SVC,1024,768
202,0.5844155844155844,HistGradientBoostingClassifier,682,1024
203,0.6647058823529413,KNeighborsClassifier,1024,686
204,0.7063157894736842,GradientBoostingClassifier,1024,928
205,0.6592105263157896,HistGradientBoostingClassifier,1024,768
206,0.6359477124183006,QuadraticDiscriminantAnalysis,1024,683
207,0.6901960784313725,AdaBoostClassifier,696,1024
208,0.5888888888888889,ComplementNB,685,1024
209,0.6528947368421053,GradientBoostingClassifier,768,1024
210,0.7723684210526316,HistGradientBoostingClassifier,768,1024
211,0.6084967320261437,QuadraticDiscriminantAnalysis,768,1024
212,0.61875,HistGradientBoostingClassifier,768,1024
213,0.6092105263157894,ExtraTreeClassifier,768,1024
214,0.6178947368421052,KNeighborsClassifier,768,1024
215,0.7052631578947368,NuSVC,1024,768
216,0.6454545454545454,KNeighborsClassifier,768,1024
217,0.7391666666666666,RandomForestClassifier,838,1024
218,0.5964912280701753,HistGradientBoostingClassifier,616,1024
219,0.6660130718954249,KNeighborsClassifier,630,1024
220,0.5354166666666667,BernoulliNB,683,1024
221,0.7505847953216375,SVC,790,1024
222,0.6218421052631579,GaussianProcessClassifier,768,1024
223,0.6183982683982683,SVC,768,1024
224,0.6701581027667984,SVC,768,1024
225,0.6905263157894737,NuSVC,1024,723
226,0.6000000000000001,MLPClassifier,1024,768
227,0.7023391812865497,GaussianNB,1024,768
228,0.6642857142857143,ExtraTreesClassifier,768,1024
229,0.7273333333333333,GradientBoostingClassifier,768,1024
230,0.6273809523809524,SVC,768,1024
231,0.6994152046783626,KNeighborsClassifier,683,1024
232,0.7097402597402597,AdaBoostClassifier,768,1024
233,0.6865789473684211,NuSVC,853,1024
234,0.731904761904762,SVC,766,1024
235,0.6973809523809523,KNeighborsClassifier,685,1024
236,0.7359477124183007,BaggingClassifier,685,1024
237,0.6288095238095238,BernoulliNB,685,1024
238,0.6305194805194805,SVC,768,1024
239,0.7666666666666666,NuSVC,925,1024
240,0.7366666666666667,AdaBoostClassifier,701,1024
241,0.6459558823529411,LogisticRegression,1024,768
242,0.6418300653594772,GaussianNB,683,1024
243,0.6836257309941521,SVC,721,1024
244,0.7935672514619883,NuSVC,768,1024
245,0.7535947712418299,SVC,681,1024
246,0.7175,ExtraTreesClassifier,771,1024
247,0.6785714285714286,GradientBoostingClassifier,1024,768
248,0.7973856209150326,RandomForestClassifier,685,1024
249,0.75,SVC,683,1024
250,0.6231601731601731,ExtraTreeClassifier,576,1024
251,0.734963768115942,SVC,576,1024
252,0.7238562091503267,NuSVC,682,1024
253,0.6681818181818182,QuadraticDiscriminantAnalysis,768,1024
254,0.8037500000000002,KNeighborsClassifier,768,1024
255,0.7654411764705882,HistGradientBoostingClassifier,1024,678
256,0.7163398692810458,QuadraticDiscriminantAnalysis,1024,768
257,0.6745098039215686,QuadraticDiscriminantAnalysis,1024,768
258,0.6857142857142857,SVC,768,1024
259,0.6611111111111112,LogisticRegressionCV,768,1024
260,0.7320261437908496,NuSVC,1024,768
261,0.6625730994152048,QuadraticDiscriminantAnalysis,768,1024
262,0.6266666666666667,AdaBoostClassifier,768,1024
263,0.5705882352941176,SVC,685,1024
264,0.6257246376811594,LinearDiscriminantAnalysis,768,1024
265,0.7331521739130435,LogisticRegression,768,1024
266,0.7073809523809523,ExtraTreesClassifier,1024,683
267,0.8480392156862747,NuSVC,681,1024
268,0.7453216374269006,QuadraticDiscriminantAnalysis,768,1024
269,0.6486928104575164,NuSVC,1024,768
270,0.6719047619047619,ExtraTreesClassifier,768,1024
271,0.7295238095238095,GradientBoostingClassifier,768,1024
272,0.7083333333333333,LabelPropagation,1024,768
273,0.7423684210526316,NuSVC,768,1024
274,0.6426877470355732,GaussianNB,768,1024
275,0.6226190476190476,LabelPropagation,1024,768
276,0.6787878787878788,BernoulliNB,1024,768
277,0.6757894736842106,AdaBoostClassifier,768,1024
278,0.7661904761904763,HistGradientBoostingClassifier,768,1024
279,0.689766081871345,LogisticRegressionCV,768,1024
280,0.7023809523809524,KNeighborsClassifier,768,1024
281,0.6571428571428573,KNeighborsClassifier,768,1024
282,0.5827485380116959,HistGradientBoostingClassifier,1024,719
283,0.6545000000000001,KNeighborsClassifier,768,1024
284,0.6470355731225296,QuadraticDiscriminantAnalysis,768,1024
285,0.5827205882352942,BernoulliNB,1024,768
286,0.6766666666666666,HistGradientBoostingClassifier,1024,957
287,0.597953216374269,KNeighborsClassifier,576,1024
288,0.605072463768116,HistGradientBoostingClassifier,1024,768
289,0.6777777777777778,BaggingClassifier,768,1024
290,0.6618421052631579,KNeighborsClassifier,683,1024
291,0.6474264705882352,HistGradientBoostingClassifier,768,1024
292,0.7184210526315788,BaggingClassifier,768,1024
293,0.6013071895424836,QuadraticDiscriminantAnalysis,683,1024
294,0.6321637426900584,AdaBoostClassifier,768,1024
295,0.6212418300653594,BernoulliNB,727,1024
296,0.685,NuSVC,768,1024
297,0.8010769230769231,KNeighborsClassifier,768,1024
298,0.6023684210526317,SVC,768,1024
299,0.580952380952381,SVC,768,1024
300,0.6073809523809524,GaussianNB,768,1024
